10 
51 21 
51 37 20 
58 48 16 49 
84 87 74 36 15 
73 68 91 90 31 73 
56 11 37 78 9 72 50 
88 71 44 43 23 59 3 39 
83 7 32 80 15 16 20 71 52 
7 19 62 10 97 5 21 17 12 49 
79 33 25 46 34 18 1 4 10 24 17 
69 79 69 50 57 23 12 2 55 57 43 1 
19 18 94 41 88 21 11 80 43 55 41 53 31 
17 31 18 32 14 4 80 0 71 85 23 41 5 58 
65 68 83 50 79 12 13 71 22 23 89 64 87 37 99 
29 44 52 29 22 99 88 14 6 96 11 43 11 88 29 0 
38 8 59 35 58 2 39 47 97 29 76 38 30 75 41 49 51 
4 21 74 39 0 12 89 66 36 67 1 93 84 59 79 36 75 87 
97 44 65 15 10 44 47 40 28 86 36 7 89 0 18 58 12 97 49 
56 50 40 50 82 80 13 50 56 40 35 14 29 9 66 0 65 33 95 13 
40 5 52 17 35 20 66 51 16 90 52 11 67 18 43 42 24 67 76 9 10 
86 0 76 95 28 59 15 99 54 74 58 5 40 70 52 89 59 80 14 95 5 62 
66 87 33 90 37 28 62 23 64 23 47 77 11 79 12 65 41 49 28 73 56 62 67 
44 57 27 37 68 44 3 89 57 9 51 99 98 29 1 25 3 93 38 24 93 61 12 31 
99 17 52 56 31 23 67 34 67 66 43 76 52 74 37 16 67 84 52 37 8 17 28 81 73 
78 40 24 57 43 48 46 9 0 38 14 95 78 7 60 74 83 53 49 50 12 33 5 79 64 98 
89 96 39 37 87 8 21 75 0 79 11 78 76 99 32 34 4 12 90 40 70 26 36 46 11 71 13 
73 23 47 25 17 82 3 87 58 15 4 5 71 27 16 17 31 49 17 8 64 84 71 38 29 47 9 20 
36 15 21 13 89 29 51 7 89 63 21 24 27 25 41 50 41 49 29 46 0 68 87 19 74 94 62 79 15 
78 26 15 8 43 22 20 58 30 44 32 22 59 14 74 45 28 13 83 33 44 24 20 38 30 19 55 86 62 24 
76 92 28 95 87 3 54 48 3 52 43 1 84 27 2 67 25 49 43 15 73 54 17 67 18 86 22 90 72 45 99 
76 75 34 70 46 75 19 72 58 48 71 25 17 94 70 50 93 95 67 38 31 81 55 40 24 42 75 91 1 71 30 53 
22 42 33 85 71 49 26 24 7 89 21 30 28 32 26 57 66 72 6 62 24 53 30 80 8 79 49 70 67 9 22 31 31 
51 55 98 5 55 26 31 16 64 51 59 19 93 65 77 68 15 33 54 53 52 68 49 26 53 50 9 0 65 57 92 61 29 3 
51 54 49 74 61 96 98 40 75 94 69 34 48 57 8 21 44 72 32 31 69 98 26 91 7 33 94 37 66 72 78 70 10 43 11 
58 53 9 43 61 58 39 43 75 57 63 7 29 23 77 50 8 61 19 91 84 17 22 58 87 19 79 0 8 67 27 45 84 96 44 54 
51 41 42 13 10 88 93 32 17 90 89 66 35 40 9 76 62 32 22 62 25 75 96 9 37 30 5 84 5 82 94 52 63 23 78 19 33 
70 74 62 50 0 93 59 12 66 0 90 95 0 1 48 45 93 81 37 55 1 15 42 74 54 80 76 49 60 21 7 69 92 50 27 19 3 8 
16 87 33 62 99 30 10 45 40 31 24 23 43 55 79 18 48 22 5 13 88 92 17 22 2 53 3 27 35 68 27 54 5 46 55 47 45 37 7 
90 24 4 14 97 33 15 53 74 38 70 47 58 74 54 72 32 57 13 70 3 96 14 46 27 27 89 61 38 36 90 87 30 85 65 21 62 98 69 58 
79 59 73 96 23 16 61 1 81 34 27 57 73 55 10 23 99 15 41 18 7 11 92 10 66 10 39 31 27 73 47 95 6 42 11 48 63 21 50 12 67 
79 90 47 21 89 91 18 15 77 88 51 64 75 2 97 16 35 97 7 96 11 67 65 93 99 61 91 13 1 15 40 8 84 85 35 95 73 3 65 3 81 35 
43 14 13 66 60 75 83 99 6 72 22 33 88 81 20 26 52 35 48 7 43 93 66 87 95 28 99 81 73 45 67 69 33 39 84 0 52 33 80 27 97 58 0 
92 83 73 34 7 85 44 34 73 33 96 20 43 13 14 33 96 37 51 72 84 76 93 64 20 62 55 12 23 37 52 6 24 68 28 39 62 83 79 65 5 34 25 18 
30 40 80 31 52 59 6 78 61 82 71 11 17 58 60 85 83 32 30 79 66 20 15 44 23 0 38 51 28 73 17 26 95 52 40 50 60 96 29 51 89 43 51 5 48 
71 36 88 88 15 82 42 5 94 42 62 40 68 67 97 67 81 39 4 83 10 88 34 61 20 36 99 74 86 67 96 4 65 19 18 11 37 46 95 16 1 33 30 73 29 56 
90 79 91 71 49 87 24 38 11 41 84 31 33 76 40 6 9 38 51 65 18 25 95 32 7 25 56 98 10 79 91 66 70 36 1 96 36 60 32 18 94 11 78 76 53 82 27 
90 38 4 43 75 97 32 4 81 54 74 62 59 33 93 87 32 85 5 30 21 34 92 55 79 2 73 91 18 23 71 61 70 54 63 82 41 30 15 8 78 42 63 0 20 21 12 51 
7 65 72 85 45 32 52 59 21 5 76 86 40 41 61 52 5 85 57 99 0 50 50 48 24 23 50 27 14 11 28 57 31 71 59 86 21 67 20 84 5 79 36 56 7 96 3 97 11 
35 41 6 27 25 86 15 91 76 35 39 48 1 25 85 11 54 14 59 97 30 61 78 36 81 29 1 18 36 0 81 66 55 82 27 92 12 29 9 40 80 98 79 96 90 74 97 36 22 44 
59 71 70 65 76 64 39 69 55 78 50 84 32 76 0 75 50 35 34 1 91 61 77 80 57 72 26 33 83 95 6 28 26 90 61 50 62 69 24 34 98 45 54 20 40 58 54 97 68 21 84 
97 56 47 35 35 68 54 2 53 54 62 8 48 17 72 80 2 61 56 57 90 24 9 12 55 27 28 78 0 16 23 94 65 10 67 93 90 51 32 45 30 81 20 90 26 52 53 18 21 52 30 0 
26 79 61 44 57 18 36 3 77 18 25 92 42 49 65 33 39 77 8 38 0 32 1 36 2 36 0 88 59 27 92 87 0 1 81 48 94 31 15 14 72 27 15 78 55 46 53 48 60 52 42 83 11 
94 77 23 47 44 8 68 87 88 63 88 65 54 15 53 39 11 62 91 67 30 87 84 55 79 32 68 0 82 28 43 89 16 65 47 89 16 78 90 97 71 37 15 33 57 96 94 54 92 32 33 60 67 13 
10 74 16 95 64 44 21 55 60 87 8 90 18 67 49 90 4 52 73 80 86 41 30 12 75 44 31 98 77 6 81 34 88 28 33 0 69 61 2 13 44 88 27 29 73 98 75 85 79 7 57 8 13 45 35 
46 57 23 5 81 28 66 77 31 90 67 15 68 48 14 34 81 85 27 20 58 41 33 63 62 70 47 15 16 49 6 31 29 48 94 26 39 7 60 83 30 5 90 2 60 93 92 54 29 7 29 91 97 55 88 22 
78 51 24 69 87 99 94 41 38 7 84 24 57 71 66 8 94 47 12 24 32 22 77 5 60 32 12 93 70 48 51 9 42 10 38 5 52 19 81 11 2 21 80 81 86 68 61 54 32 33 25 95 94 35 86 60 33 
1 4 16 15 95 76 16 22 0 2 30 83 18 45 67 76 74 24 67 20 97 1 21 46 11 17 5 22 8 88 25 23 54 69 42 13 94 97 35 68 94 2 93 57 94 24 83 77 10 23 9 95 7 74 4 54 33 55 
11 87 80 36 55 64 94 44 97 81 90 84 55 66 39 16 73 65 35 38 68 27 2 70 71 46 69 90 64 5 2 94 70 17 11 69 92 90 89 81 78 69 29 55 73 1 97 65 45 18 60 55 54 36 18 21 49 62 53 
0 8 71 5 12 30 15 35 86 53 51 16 18 43 88 70 54 51 5 86 47 41 38 76 55 1 43 74 88 85 12 78 64 98 25 35 27 23 72 50 40 59 46 66 14 46 68 32 14 79 44 51 66 72 94 96 4 13 30 76 
82 38 55 99 47 52 80 40 85 38 83 51 88 54 32 46 33 5 72 53 66 57 5 91 83 26 75 81 94 2 90 29 88 95 46 79 74 72 26 7 52 56 41 77 78 82 23 12 4 12 38 1 30 29 70 51 15 76 55 1 77 
55 55 36 56 80 85 45 90 78 43 35 1 99 74 32 76 45 29 35 96 67 79 14 86 51 15 82 87 94 11 20 25 23 6 53 33 54 70 4 63 97 92 19 56 49 57 10 78 99 69 29 28 78 67 60 14 65 1 48 64 73 62 
12 24 97 37 78 81 97 12 5 2 20 29 33 96 61 78 39 45 48 20 7 91 35 99 21 51 19 14 67 85 85 3 5 51 97 91 13 12 72 0 50 8 9 47 0 88 81 6 4 12 38 98 27 26 63 7 48 97 82 44 64 29 86 
57 9 4 50 32 76 20 96 92 41 48 62 51 48 43 10 93 70 4 89 37 39 4 98 72 1 89 0 68 58 85 67 10 72 89 1 6 90 19 72 26 47 92 33 35 60 57 71 1 30 50 75 44 24 90 53 24 93 86 34 80 14 98 56 
30 5 7 36 53 92 50 38 71 20 91 27 89 10 67 53 36 30 9 51 73 17 84 72 56 14 40 29 48 32 13 57 24 24 81 92 21 68 69 23 82 70 26 92 45 25 24 75 87 36 83 99 46 70 48 9 60 36 46 59 51 25 56 60 69 
86 12 16 39 38 9 77 40 96 78 53 19 37 66 83 16 69 35 50 40 82 56 14 21 10 0 52 48 82 42 17 40 80 55 97 93 23 53 35 74 39 89 16 56 5 84 47 79 95 74 54 30 35 36 30 9 58 18 41 48 8 80 35 48 51 43 
16 6 45 45 85 49 25 68 0 12 13 72 96 95 31 9 76 21 41 63 51 37 63 14 36 30 67 38 48 80 51 50 47 61 0 80 77 3 60 75 83 52 39 62 71 12 81 65 84 90 95 29 19 67 68 66 30 9 49 22 63 91 43 71 80 12 22 
86 46 60 0 69 43 85 61 61 43 86 37 26 19 96 93 18 25 82 89 76 16 56 53 33 0 96 9 53 81 99 52 48 99 97 46 5 43 33 23 61 64 47 46 27 45 87 42 87 92 62 10 2 50 72 43 33 14 6 39 90 77 69 6 95 36 22 6 
49 91 36 74 76 15 59 99 89 97 25 26 70 19 67 26 93 84 24 46 55 77 13 83 84 45 61 94 58 38 25 48 22 3 26 52 54 20 92 2 69 32 0 39 11 57 85 28 13 31 78 84 66 54 43 34 37 18 73 34 47 52 79 24 34 63 94 70 48 
28 2 9 37 50 82 45 84 69 9 46 75 14 4 85 1 60 71 12 74 65 26 14 12 3 5 60 54 80 92 25 20 25 60 20 26 87 35 18 28 25 80 32 88 86 7 31 23 59 28 65 97 56 75 10 30 82 1 83 30 44 40 0 64 21 12 18 25 66 20 
2 57 83 86 71 54 30 51 27 81 19 89 64 86 64 12 77 21 48 88 27 33 49 71 23 58 12 72 48 96 71 74 57 59 59 83 81 11 82 65 39 25 65 83 37 4 71 29 23 41 99 15 22 57 58 41 57 98 79 65 69 42 32 9 32 92 53 6 66 65 62 
83 49 34 15 47 10 26 55 97 69 82 30 30 84 1 97 49 44 14 11 39 41 57 65 88 82 87 47 20 48 57 19 10 10 0 64 69 90 35 10 58 91 14 79 42 62 19 49 50 52 24 31 10 10 69 88 96 95 69 2 76 11 88 93 47 65 52 25 16 63 41 21 
73 37 22 62 52 15 88 36 32 59 56 40 47 17 64 13 84 65 84 30 31 14 48 82 53 3 19 64 84 81 3 75 14 19 3 29 96 77 61 40 83 27 55 67 76 93 1 73 42 55 87 71 45 65 58 6 69 92 26 70 25 9 37 90 42 24 83 47 89 0 73 64 16 
63 38 29 82 72 55 47 74 10 86 60 17 37 81 2 4 5 82 36 41 41 12 47 47 4 33 2 87 6 24 33 11 23 6 2 95 3 64 43 26 23 19 82 18 39 42 73 69 88 52 25 7 16 34 64 96 21 79 89 71 56 16 65 67 17 2 89 88 16 14 18 38 60 83 
34 58 80 79 73 31 13 32 98 92 27 37 81 94 27 84 33 98 72 97 59 79 41 86 4 60 57 83 34 98 65 45 50 49 33 55 97 58 21 92 46 30 8 77 40 77 54 17 33 78 66 66 77 75 47 37 21 46 56 86 39 96 52 12 19 85 44 20 23 64 79 84 86 62 81 
80 18 57 60 51 82 7 95 23 1 50 64 73 4 45 34 74 25 5 87 2 73 39 8 92 20 98 72 7 7 66 73 90 73 2 82 33 21 94 45 54 65 46 8 0 30 62 42 82 29 14 83 62 4 43 28 23 36 89 65 59 52 41 92 98 63 65 32 64 73 68 36 49 73 97 14 
67 58 10 11 18 82 9 93 11 65 39 98 27 33 83 16 41 53 98 66 62 70 71 29 83 1 69 86 56 86 80 37 99 85 69 14 98 54 16 12 43 42 73 74 84 89 10 63 40 43 4 58 17 16 33 32 40 3 0 31 40 99 54 58 17 74 38 10 65 12 78 50 53 18 22 0 29 
94 9 77 69 41 36 24 21 37 69 73 75 90 98 44 2 28 35 9 8 46 26 44 66 8 9 80 90 88 35 46 62 20 42 68 69 65 1 54 73 40 32 42 63 88 86 12 52 71 98 43 38 84 18 18 6 72 91 14 44 64 65 86 50 96 82 2 92 6 69 57 13 58 44 20 47 46 25 
71 77 95 89 22 34 96 56 55 74 97 42 26 29 95 4 24 96 9 96 48 66 18 85 32 12 90 16 9 0 92 46 10 93 91 38 14 83 48 26 50 52 46 67 16 19 34 63 10 69 88 40 75 29 56 33 49 97 3 40 46 86 17 95 96 58 25 77 88 51 72 68 8 5 91 5 94 27 39 
87 59 99 37 6 72 23 47 40 80 89 71 98 88 5 84 80 44 17 64 72 95 68 90 85 98 57 78 37 52 71 84 21 25 55 51 75 97 78 28 48 45 21 76 65 15 72 53 27 50 39 69 77 99 39 51 63 67 46 50 57 40 23 59 12 49 79 95 51 24 62 7 40 2 27 63 91 30 66 87 
49 53 10 8 48 58 95 79 60 68 71 93 81 9 54 71 9 48 5 93 2 65 14 1 47 33 77 79 23 81 79 49 95 83 32 12 21 64 36 45 34 37 89 55 84 48 36 12 55 56 50 63 20 53 79 33 55 63 26 8 32 84 19 79 80 0 10 78 75 80 97 51 37 56 93 47 42 18 2 72 25 
67 6 56 68 72 71 79 25 22 57 45 76 24 8 31 62 81 11 61 19 80 96 79 9 25 92 31 73 55 2 57 85 59 44 38 75 33 39 41 12 90 11 70 10 21 15 0 43 20 89 63 26 98 37 54 34 91 42 42 50 91 35 50 72 17 83 16 96 70 12 67 67 63 23 46 73 51 41 9 98 52 61 
48 21 18 71 81 13 16 75 95 60 85 88 27 42 50 93 16 38 61 26 73 80 45 40 74 45 22 27 97 5 45 28 66 84 35 93 69 3 18 19 85 23 10 7 82 28 0 59 73 43 48 73 22 71 57 8 14 38 88 26 78 71 44 26 5 15 48 93 15 54 14 62 18 55 67 88 3 53 11 70 29 41 84 
6 5 16 45 40 48 24 90 61 17 96 58 14 17 3 51 54 16 49 14 31 33 38 45 34 1 15 72 81 91 65 99 10 36 71 50 23 28 17 45 82 22 99 58 13 2 7 61 23 24 4 57 7 86 72 34 38 10 39 14 8 15 20 54 17 34 3 88 99 60 84 67 49 5 98 3 34 22 0 11 30 40 39 45 
17 34 12 67 26 92 45 56 89 12 33 7 15 1 9 46 72 26 71 74 13 2 95 65 66 52 6 77 38 9 81 90 34 35 95 21 42 30 23 91 75 20 30 80 21 32 3 22 62 61 96 48 45 0 93 79 87 71 47 83 79 65 77 78 90 12 42 0 1 42 38 5 32 31 23 95 63 30 0 7 31 74 84 5 79 
21 54 16 80 73 59 34 46 22 77 65 27 14 52 17 7 6 87 48 48 43 42 13 24 32 38 18 66 11 15 7 23 13 98 19 37 82 30 72 49 82 20 46 34 82 0 66 17 23 21 93 54 24 14 50 53 70 93 7 0 27 86 15 2 45 92 13 83 97 87 18 96 99 72 23 3 75 22 49 14 89 80 40 24 58 72 
36 4 26 64 51 9 2 56 33 76 75 99 11 28 39 17 92 56 66 5 21 36 45 42 51 21 40 76 95 87 20 89 26 90 86 96 30 77 21 21 43 29 6 37 24 36 53 78 33 89 87 34 20 28 60 72 88 21 95 39 54 9 88 91 85 89 63 61 17 33 72 93 36 79 57 60 78 83 85 6 59 5 72 93 49 38 48 
92 7 26 53 54 69 98 85 38 62 18 70 42 66 8 0 64 70 54 75 37 55 56 29 62 28 86 75 61 80 39 45 27 25 45 22 42 0 58 60 17 20 78 77 34 58 61 57 8 66 70 29 13 55 3 96 76 66 25 47 61 84 77 38 9 32 52 92 48 35 34 99 24 26 16 26 28 95 78 22 96 61 71 73 42 48 75 99 
3 12 38 92 86 93 46 65 84 78 69 96 80 60 72 48 45 30 5 71 44 34 10 95 30 60 40 69 79 98 1 59 15 38 92 25 57 22 49 39 58 9 56 8 64 34 49 12 15 69 5 61 72 31 8 44 95 7 58 60 35 2 48 72 14 43 96 87 61 35 49 42 18 21 65 66 62 67 29 79 59 91 85 55 54 87 61 68 26 
63 58 4 41 41 80 45 68 43 9 9 42 39 38 69 79 44 60 18 17 84 19 66 0 43 57 28 11 45 95 73 59 61 40 26 85 96 61 63 47 74 87 93 96 7 15 92 23 28 17 49 98 96 97 71 93 51 55 60 44 34 26 58 48 98 66 84 39 57 51 16 28 84 0 43 77 23 35 80 31 73 31 32 60 22 7 16 69 4 56 
21 17 33 97 62 38 53 16 14 11 60 86 1 28 84 78 59 84 65 91 46 37 90 63 61 39 18 38 21 28 64 64 49 25 84 8 56 82 1 47 44 72 47 2 57 21 32 36 82 34 41 36 25 83 46 76 1 35 13 62 23 50 85 0 20 35 52 36 53 5 50 29 50 95 82 57 34 10 54 66 55 71 37 21 82 81 22 45 16 21 23 
52 8 6 18 5 47 38 50 11 17 39 97 72 64 61 46 4 70 17 83 31 86 53 70 61 97 16 72 82 55 52 54 10 31 39 36 62 87 47 11 83 37 79 3 1 41 79 51 5 96 87 86 26 74 31 62 35 42 44 88 49 96 57 59 25 71 59 69 65 88 86 92 1 33 47 89 42 19 82 42 40 88 5 5 13 62 20 81 1 5 77 33 
61 45 44 81 76 22 50 84 67 39 19 0 42 45 68 2 49 58 29 46 58 41 38 49 25 77 66 37 19 87 39 68 76 53 11 31 12 67 5 0 44 72 0 96 34 93 7 25 65 1 62 81 93 84 89 89 42 19 75 39 9 48 7 54 79 38 16 55 15 15 44 24 10 56 86 86 17 83 13 7 48 30 35 88 61 16 8 17 70 53 34 53 70 
31 5 59 93 92 9 90 72 67 19 18 70 66 89 53 86 12 81 58 88 0 85 75 63 16 54 9 51 90 61 45 44 72 36 3 96 86 90 81 27 85 34 2 87 97 99 67 5 29 53 62 3 36 79 18 98 68 74 47 57 93 69 65 0 28 52 23 3 75 19 85 59 87 88 20 16 0 13 79 29 77 44 27 89 74 63 77 52 6 36 84 85 66 19 
77 95 38 34 76 19 6 56 11 6 13 90 95 52 65 36 6 19 69 63 86 93 87 10 55 42 78 97 56 83 15 71 16 49 92 61 31 87 49 76 13 42 21 14 3 12 54 69 1 76 31 95 7 53 91 36 24 58 28 75 97 61 51 81 24 57 85 3 8 85 22 71 46 82 77 10 10 76 49 88 30 76 31 65 17 94 40 35 45 32 91 60 42 9 24 
61 68 39 0 54 24 2 13 92 78 50 73 10 35 2 89 0 66 73 6 94 89 20 3 55 59 3 26 2 93 79 5 99 41 38 44 14 64 83 27 68 83 52 52 67 74 44 96 98 28 7 27 3 65 58 20 79 96 92 75 50 53 33 44 87 24 47 96 27 65 25 57 6 54 54 53 59 57 37 81 90 21 26 21 84 37 77 70 80 62 53 19 41 98 3 66 
65 96 45 9 32 90 99 86 96 82 38 56 59 1 69 87 24 87 3 84 70 2 79 27 35 33 89 55 69 34 37 56 12 26 39 36 2 84 94 63 58 78 34 67 72 22 60 74 18 58 19 30 81 68 37 6 35 97 86 79 71 58 79 92 57 4 17 58 59 7 80 28 84 1 98 72 70 92 25 10 50 19 25 77 39 73 12 91 53 50 68 19 45 26 69 86 98 
72 31 2 15 39 87 28 0 64 70 84 63 97 76 10 67 99 61 54 34 90 81 74 23 25 39 52 67 80 50 83 83 90 83 49 53 32 23 74 6 80 24 56 38 80 44 99 93 92 33 88 82 75 64 46 60 75 16 99 52 41 88 21 11 49 19 84 95 39 64 46 86 37 76 63 27 14 29 56 35 44 5 10 3 55 57 81 56 89 74 37 51 28 9 25 43 35 8 
9 86 35 85 77 62 72 22 62 95 67 81 65 89 0 66 77 33 48 83 57 61 0 71 49 57 80 28 56 69 99 33 76 60 64 2 2 93 55 18 42 59 17 84 52 36 29 61 15 90 68 23 46 3 64 95 84 94 84 34 3 10 1 8 57 89 52 90 88 1 92 29 58 19 77 70 95 62 99 89 52 26 97 91 61 59 81 58 27 37 1 12 36 18 25 27 10 38 49 
32 95 82 50 48 25 79 71 82 23 42 29 9 52 43 42 6 29 51 11 94 34 76 34 67 86 19 80 81 16 81 66 52 46 96 7 64 97 89 41 16 60 45 43 8 90 16 47 7 65 95 47 17 44 81 13 82 86 55 94 91 61 72 27 51 2 64 80 35 2 21 24 23 60 45 3 1 76 64 10 67 58 38 98 24 36 23 12 82 37 67 59 27 13 77 37 57 92 59 82 